1.000000000000000056e-01 2.579113950357441354e+03 1.233636756858472654e+04
1.023340212191641979e-01 2.537198676881926076e+03 1.212701245612479215e+04
1.047225189888434937e-01 2.491647175212556249e+03 1.190276360666020810e+04
1.071667648032863518e-01 2.438626690995488389e+03 1.164741442603249016e+04
1.096680598336868540e-01 2.402058521025992377e+03 1.146207251574196380e+04
1.122277356208507687e-01 2.350464142927758076e+03 1.121369892666152555e+04
1.148471547840289320e-01 2.310120348965538142e+03 1.101334516191213697e+04
1.175277117462945192e-01 2.267488732717183666e+03 1.080380063526704180e+04
1.202708334768511633e-01 2.221658198581435499e+03 1.058120728375560975e+04
1.230779802506665188e-01 2.185467545987421545e+03 1.039983255918018403e+04
1.259506464258358105e-01 2.138198113544003718e+03 1.017210693171345883e+04
1.288903612390892850e-01 2.104489193586850888e+03 1.000216643609228231e+04
1.318986896198670322e-01 2.058534524643182522e+03 9.780942311732222151e+03
1.349772330233942608e-01 2.025677127024246147e+03 9.615541521275461491e+03
1.381276302832009917e-01 1.981599304017954637e+03 9.403187450792436721e+03
1.413515584835395578e-01 1.949480993398383362e+03 9.241843828017816122e+03
1.446507338521646480e-01 1.907147916840012840e+03 9.037792151367691986e+03
1.480269126739509333e-01 1.875587632968645266e+03 8.879730656667923540e+03
1.514818922258345801e-01 1.835590535091278070e+03 8.686468773768090614e+03
1.550175117335770014e-01 1.803233030149949627e+03 8.525949700963972646e+03
1.586356533508590516e-01 1.767421459079605484e+03 8.351281741466116728e+03
1.623382431612278576e-01 1.732265882707415585e+03 8.179834950711936472e+03
1.661272522034293042e-01 1.701558735320904816e+03 8.027631220607370778e+03
1.700046975206717659e-01 1.664939230409408992e+03 7.850880220811766776e+03
1.739726432343801643e-01 1.634845774703999268e+03 7.702147389476065655e+03
1.780332016430113962e-01 1.603046821258512864e+03 7.546638344114851861e+03
1.821885343465167173e-01 1.569053938646093229e+03 7.382287043619815449e+03
1.864408533970486059e-01 1.540430152955646008e+03 7.241053261001819010e+03
1.907924224765266130e-01 1.510192449501896590e+03 7.093420426801706526e+03
1.952455581016860897e-01 1.477928158454105869e+03 6.937642401313654773e+03
1.998026308572550258e-01 1.449236473743335409e+03 6.797380103192812385e+03
2.044660666579116715e-01 1.421834650176924697e+03 6.662982331786201030e+03
2.092383480396977358e-01 1.392354745351722158e+03 6.520212599270552346e+03
2.141220154815729471e-01 1.362754838167679736e+03 6.377344232769904920e+03
2.191196687578149116e-01 1.335264808168112722e+03 6.243798736978577836e+03
2.242339683219846114e-01 1.309169144842226160e+03 6.116549356812673977e+03
2.294676367231936187e-01 1.282900049300442333e+03 5.988967497421525877e+03
2.348234600554276463e-01 1.256109817764800027e+03 5.859581201788295402e+03
2.403042894406968444e-01 1.229338787804335880e+03 5.730671429808079665e+03
2.459130425468045167e-01 1.203132539093517153e+03 5.604541040115667784e+03
2.516527051405391679e-01 1.177633124759099701e+03 5.481787105901775249e+03
2.575263326771200512e-01 1.152753579643604098e+03 5.362038529510185981e+03
2.635370519267394296e-01 1.128334960262100140e+03 5.244619619757849250e+03
2.696880626390693036e-01 1.104284648024686248e+03 5.129134671579025962e+03
2.759826392466180334e-01 1.080549593695059230e+03 5.015354777179776647e+03
2.824241326078434922e-01 1.057141072499066468e+03 4.903322560981631796e+03
2.890159717909510095e-01 1.034094147701557631e+03 4.793180797088870349e+03
2.957616658993253433e-01 1.011496476291526960e+03 4.685294316848534436e+03
3.026648059395692369e-01 9.894232280247115341e+02 4.579974931947707773e+03
3.097290667331408232e-01 9.678576821625983939e+02 4.477146040923047622e+03
3.169582088726116131e-01 9.465324156612086881e+02 4.375671408272318331e+03
3.243560807235811305e-01 9.250489768886200181e+02 4.273861113189240314e+03
3.319266204733188896e-01 9.034318046218777454e+02 4.171812578192565525e+03
3.396738582272207929e-01 8.825382720544916992e+02 4.073143804776520028e+03
3.476019181541978309e-01 8.627954011813380930e+02 3.979654264967688505e+03
3.557150206821386162e-01 8.428514009668151630e+02 3.885625743160811908e+03
3.640174847446140394e-01 8.223969002582498433e+02 3.789745595115993183e+03
3.725137300800211437e-01 8.034164087127487619e+02 3.700396269578435749e+03
3.812082795843889094e-01 7.843431590224486172e+02 3.610951286201247058e+03
3.901057617190992199e-01 7.650112097217197515e+02 3.520704152276640798e+03
3.992109129748051544e-01 7.470790331011357921e+02 3.436659083785081748e+03
4.085285803928562220e-01 7.281515911710789624e+02 3.348688189968538154e+03
4.180637241455757991e-01 7.107839374491868512e+02 3.267584169666792604e+03
4.278214201767616132e-01 6.925270069892053471e+02 3.182990109227204812e+03
4.378068629038168735e-01 6.754650823094993939e+02 3.103708399572667076e+03
4.480253679829490632e-01 6.582898038916096084e+02 3.024202543998307647e+03
4.584823751389096036e-01 6.410627588641614238e+02 2.944726018557218595e+03
4.691834510607797992e-01 6.248217989786076032e+02 2.869658227463514322e+03
4.801342923653452721e-01 6.085772514765335472e+02 2.794809673731173916e+03
4.913407286296362919e-01 5.922352408313849992e+02 2.719777138346091306e+03
5.028087254942479323e-01 5.762848691340991536e+02 2.646621418467907006e+03
5.145443878390927317e-01 5.607909014532538094e+02 2.575610095954345525e+03
5.265539630332757293e-01 5.456001098028900742e+02 2.506089499330493709e+03
5.388438442608223244e-01 5.306271476786014318e+02 2.437692844224818145e+03
5.514205739240300996e-01 5.158540143138043277e+02 2.370337805088797268e+03
5.642908471262539916e-01 5.012878891455898156e+02 2.304048295514791789e+03
5.774615152359821035e-01 4.869497747179889302e+02 2.238906432645484074e+03
5.909395895340970872e-01 4.729255951406719305e+02 2.175268611404106650e+03
6.047322449462647631e-01 4.593028697643546820e+02 2.113497946474882156e+03
6.188468238624386109e-01 4.459269923236445266e+02 2.052934363486621805e+03
6.332908400455115050e-01 4.324722670707069483e+02 1.992194838580212036e+03
6.480719826311969189e-01 4.194039909293951496e+02 1.933239553153759516e+03
6.631981202212672288e-01 4.068078129197135695e+02 1.876424312168239339e+03
6.786773050723297063e-01 3.940315152129767284e+02 1.818986392725053747e+03
6.945177773823696388e-01 3.819476935858790512e+02 1.764607441142362177e+03
7.107279696773417532e-01 3.696961359779072609e+02 1.709645533000423029e+03
7.273165113001457405e-01 3.579338058778785125e+02 1.656870862472385170e+03
7.442922330043759693e-01 3.464453444602327181e+02 1.605366932488607063e+03
7.616641716552892127e-01 3.349722357163636843e+02 1.554035075099608093e+03
7.794415750404949383e-01 3.237826757715640724e+02 1.504002929999898925e+03
7.976339067929276716e-01 3.128854348271556773e+02 1.455301869404899890e+03
8.162508514287228900e-01 3.022430221760919267e+02 1.407767822553722453e+03
8.353023195026776371e-01 2.917988383279316622e+02 1.361155909515667645e+03
8.547984528840409935e-01 2.816101643970529267e+02 1.315702523473057909e+03
8.747496301554417153e-01 2.716817836342539749e+02 1.271422256901302944e+03
8.951664721378301826e-01 2.620280995391084389e+02 1.228370626679963834e+03
9.160598475443707533e-01 2.523982279245700511e+02 1.185482277094052733e+03
9.374408787662995568e-01 2.431261750633740348e+02 1.144164109193505283e+03
9.593209477938243745e-01 2.340703941297431356e+02 1.103813279566375513e+03
9.817117022752193112e-01 2.251875564762787008e+02 1.064241988174569315e+03
1.004625061717340895e+00 2.165780423622044282e+02 1.025869747926438322e+03
1.028073223830865190e+00 2.081433022783181741e+02 9.882754466027106446e+02
1.052068671023622892e+00 1.999605500006811099e+02 9.517811439639414175e+02
1.076624177045493402e+00 1.919660724143284369e+02 9.161137113030063119e+02
1.101752813788386742e+00 1.842082717935335268e+02 8.814741356801247321e+02
1.127467958244946722e+00 1.766442036290936812e+02 8.476774440450951715e+02
1.153783299629660863e+00 1.693069837908791442e+02 8.148601556154686705e+02
1.180712846666189586e+00 1.621650114382816810e+02 7.828854516261457093e+02
1.208270935044776451e+00 1.552424177432737906e+02 7.518523603506422432e+02
1.236472235053714952e+00 1.485144183459732403e+02 7.216534719070266419e+02
1.265331759388942823e+00 1.419992553261459989e+02 6.923633578014373597e+02
1.294864871145904317e+00 1.356768062702920474e+02 6.638945381730251256e+02
1.325087291997953276e+00 1.295611694025834026e+02 6.363043574650943128e+02
1.356015110565633286e+00 1.236354817832102526e+02 6.095196442977579636e+02
1.387664790981308460e+00 1.179106104453808257e+02 5.835847160144594454e+02
1.420053181653682550e+00 1.123721197319986231e+02 5.584371511372437453e+02
1.453197524236896188e+00 1.070283865157495029e+02 5.341111528078371293e+02
1.487115462808953792e+00 1.018668343830765366e+02 5.105526711576316075e+02
1.521825053264386218e+00 9.689378480359891910e+01 4.877877307039098582e+02
1.557344772926134269e+00 9.209818631111119203e+01 4.657689814608586971e+02
1.593693530381774526e+00 8.748476053142013598e+01 4.445158436903041661e+02
1.630890675549332647e+00 8.304364073699758819e+01 4.239864022180852885e+02
1.668956009978024069e+00 7.877807093830455187e+01 4.041944184520999670e+02
1.707909797389427720e+00 7.467914578962748351e+01 3.851023974861354873e+02
1.747772774464680934e+00 7.074892876235452377e+01 3.667193999979189698e+02
1.788566161883461847e+00 6.697924094729941658e+01 3.490115844626678268e+02
1.830311675620612144e+00 6.337102592694748182e+01 3.319838587148317401e+02
1.873031538506437554e+00 5.991679013891413774e+01 3.156054860091308569e+02
1.916748492056814968e+00 5.661662674776351878e+01 2.998779440021059486e+02
1.961485808579430445e+00 5.346359137348173363e+01 2.847731339892397955e+02
2.007267303562569438e+00 5.045701773758565878e+01 2.702895201152635423e+02
2.054117348353064365e+00 4.759046897439716872e+01 2.564013042536827811e+02
2.102060883130158597e+00 4.486260002895818388e+01 2.431043384128258253e+02
2.151123430182166008e+00 4.226738701982768021e+01 2.303747777623790114e+02
2.201331107493031070e+00 3.980287893528156928e+01 2.182062024130310078e+02
2.252710642645980421e+00 3.746336244462995069e+01 2.065764169215362926e+02
2.305289387051708605e+00 3.524638066899655087e+01 1.954770352043553032e+02
2.359095330508635069e+00 3.314653414405505316e+01 1.848873580966088355e+02
2.414157116103019085e+00 3.116096855879234795e+01 1.747973419828486215e+02
2.470504055456825387e+00 2.928465115660436879e+01 1.651876966578512622e+02
2.528166144331499332e+00 2.751440635052098571e+01 1.560470274742992842e+02
2.587174078595922744e+00 2.584549800562442101e+01 1.473572578983443009e+02
2.647559270567066747e+00 2.427450747465385916e+01 1.391058957486336283e+02
2.709353865732051503e+00 2.279695865302556967e+01 1.312759589700096399e+02
2.772590759860482645e+00 2.140921762564111930e+01 1.238540525557133947e+02
2.837303616516213101e+00 2.010702833260523903e+01 1.168241632478220708e+02
2.903526884977813971e+00 1.888658767342420219e+01 1.101721913639007226e+02
2.971295818577333936e+00 1.774388620400358718e+01 1.038830317459517119e+02
3.040646493467066946e+00 1.667509283780120199e+01 9.794217220442823191e+01
3.111615827824361524e+00 1.567648765878175254e+01 9.233542438419524956e+01
3.184241601504652852e+00 1.474425999536222776e+01 8.704807081818194092e+01
3.258562476153224807e+00 1.387495844586023708e+01 8.206678071069005398e+01
3.334618015786364520e+00 1.306483544562052401e+01 7.737681169233086109e+01
3.412448707852889562e+00 1.231069440636726853e+01 7.296565599368899768e+01
3.492095984787271234e+00 1.160885526066877560e+01 6.881868340078830215e+01
3.573602246065786581e+00 1.095633726440492950e+01 6.492414373409455663e+01
3.657010880777491479e+00 1.034955746430487267e+01 6.126765202439566593e+01
3.742366290721980793e+00 9.785782832220384364e+00 5.783822301182651415e+01
3.829713914046280809e+00 9.261640103983346251e+00 5.462192985738364825e+01
3.919100249433403960e+00 8.774700820956802261e+00 5.160862995365888395e+01
4.010572880855495903e+00 8.321823771325895791e+00 4.878499565335942378e+01
4.104180502904709371e+00 7.900861994260566235e+00 4.614171679394018355e+01
4.199972946715304190e+00 7.508926339288919394e+00 4.366616785309033588e+01
4.298001206490796200e+00 7.144141005571214009e+00 4.134989220707864632e+01
4.398317466650223828e+00 6.803841134863297668e+00 3.918101043721868137e+01
4.500975129608046466e+00 6.486377075564462302e+00 3.715188191797444262e+01
4.606028844202400663e+00 6.189296488127471463e+00 3.525140122352885186e+01
4.713534534786909092e+00 5.911199242327356274e+00 3.347275727258320188e+01
4.823549431001467269e+00 5.649922846172827917e+00 3.180572777941400986e+01
4.936132098237917099e+00 5.404360936223309153e+00 3.024440589095282306e+01
5.051342468816764075e+00 5.172623210090829815e+00 2.877947714772898635e+01
5.169241873891598615e+00 4.953861757806894417e+00 2.740591663479125728e+01
5.289893076098151070e+00 4.746452853181892806e+00 2.611531715591004144e+01
5.413360302965378068e+00 4.549780629428781253e+00 2.490351168768398438e+01
5.539709281106403260e+00 4.362429867306989451e+00 2.376294961836444486e+01
5.669007271207433973e+00 4.183949792622296826e+00 2.269020511366885628e+01
5.801323103833378347e+00 4.013085407335790222e+00 2.167849020038427810e+01
5.936727216069122903e+00 3.849549380940064935e+00 2.072507992971317137e+01
6.075291689016074415e+00 3.692296234877741057e+00 1.982394934281650123e+01
6.217090286163826640e+00 3.541214532622589672e+00 1.897301764933460788e+01
6.362198492657488380e+00 3.395432701002132347e+00 1.816700259162455566e+01
6.510693555481458006e+00 3.254967502082433128e+00 1.740437793684339240e+01
6.662654524581149929e+00 3.119111244172056985e+00 1.668054161464826635e+01
6.818162294944479562e+00 2.987979234941002815e+00 1.599443148674750326e+01
6.977299649665534176e+00 2.860967017675202229e+00 1.534202611798040827e+01
7.140151304013399702e+00 2.738221474352497964e+00 1.472259307563352415e+01
7.306803950529499936e+00 2.619190478143398337e+00 1.413256750372408810e+01
7.477346305177587915e+00 2.504038813799933649e+00 1.357143425139177673e+01
7.651869154570821507e+00 2.392308833288776526e+00 1.303606481530245986e+01
7.830465404301186538e+00 2.284198436530759935e+00 1.252613768852972420e+01
8.013230128396886087e+00 2.179311766860196897e+00 1.203891150807980637e+01
8.200260619934130801e+00 2.077845388737769028e+00 1.157418005695283014e+01
8.391656442830157658e+00 1.979473912874194497e+00 1.112955882951664854e+01
8.587519484845170581e+00 1.884392357733108980e+00 1.070493818020814381e+01
8.787954011821319966e+00 1.792315298521334199e+00 1.029824334976696498e+01
8.993066723187618905e+00 1.703396924948883395e+00 9.909377109870074918e+00
9.202966808760415063e+00 1.617357165130730579e+00 9.536498502593191873e+00
9.417766006869518591e+00 1.534311749020087490e+00 9.179487306722753814e+00
9.637578663841088300e+00 1.454028696094233908e+00 8.836747047899205398e+00
9.862521794868779779e+00 1.376615822553723945e+00 8.508177758760558262e+00
1.009271514630570721e+01 1.301866393976442993e+00 8.192411349964421774e+00
1.032828125941028574e+01 1.229863937052355638e+00 7.889342346852943777e+00
1.056934553557988288e+01 1.160452283137507479e+00 7.597843018285431071e+00
1.081603630310709363e+01 1.093709686007353632e+00 7.317818652206884877e+00
1.106848488549412046e+01 1.029511415263764107e+00 7.048346341322118569e+00
1.132682567136153828e+01 9.679055927060753461e-01 6.789299079848930774e+00
1.159119618598885637e+01 9.087577869270235809e-01 6.539871071004465186e+00
1.186173716452477933e+01 8.520723569602717262e-01 6.299868125090512194e+00
1.213859262690627716e+01 7.977287651584008543e-01 6.068586352499337977e+00
1.242190995452617486e+01 7.457067204289158369e-01 5.845804914029727684e+00
1.271183996869028832e+01 6.958799435102003272e-01 5.630922824004879423e+00
1.300853701090570524e+01 6.482021679939720116e-01 5.423700567231980685e+00
1.331215902504307635e+01 6.025849625138368637e-01 5.223683365323149808e+00
1.362286764141646778e+01 5.590013994231668448e-01 5.030673385014149623e+00
1.394082826282577159e+01 5.174073582399119076e-01 4.844361717710298443e+00
1.426621015260736947e+01 4.777923892339419609e-01 4.664586512719170130e+00
1.459918652473978717e+01 4.401206187762962685e-01 4.491114561252128823e+00
1.493993463605257688e+01 4.043621771768446393e-01 4.323752578916927547e+00
1.528863588058729484e+01 3.704773527697513558e-01 4.162292182520332062e+00
1.564547588616095730e+01 3.384007975338310104e-01 4.006495273542086899e+00
1.601064461318317811e+01 3.080512369491739122e-01 3.856146639340106930e+00
1.638433645577984876e+01 2.793221428240766357e-01 3.710960761848613121e+00
1.676675034527699282e+01 2.521345237740724166e-01 3.570745503823013145e+00
1.715808985610004811e+01 2.263969367715557013e-01 3.435238968263919723e+00
1.755856331414468841e+01 2.020695806277861273e-01 3.304318569265251693e+00
1.796838390767719318e+01 1.791085728223751339e-01 3.177791858958922244e+00
1.838776980082326773e+01 1.575047700069642787e-01 3.055595401585719628e+00
1.881694424970555701e+01 1.372279115824359685e-01 2.937570516086107197e+00
1.925613572129198658e+01 1.182684952462720318e-01 2.823670950641343325e+00
1.970557801501798423e+01 1.005753928884334236e-01 2.713744719132670902e+00
2.016551038724746547e+01 8.409476668515436515e-02 2.607712989720966767e+00
2.063617767863858532e+01 6.873698383325743677e-02 2.505387199469976789e+00
2.111783044448244340e+01 5.443120622070640735e-02 2.406649816667138619e+00
2.161072508808376469e+01 4.109302406150927567e-02 2.311309599931854031e+00
2.211512399725488720e+01 2.867500697285807476e-02 2.219249785080312343e+00
2.263129568399529745e+01 1.713800864836301230e-02 2.130332762905650767e+00
2.315951492743151974e+01 6.461264566157698397e-03 2.044474785732641298e+00
2.370006292009328064e+01 -3.378904358706247280e-03 1.961583219184448001e+00
2.425322741760352940e+01 -1.240621957319998359e-02 1.881591432761464233e+00
2.481930289186255223e+01 -2.065207045343742109e-02 1.804437359032134536e+00
2.539859068780723916e+01 -2.816044750198032354e-02 1.730045019307635101e+00
2.599139918382932990e+01 -3.498017908315720348e-02 1.658337999209841040e+00
2.659804395593758386e+01 -4.116895879356485821e-02 1.589199574230592882e+00
2.721884794575179711e+01 -4.677749381990059518e-02 1.522538375210419126e+00
2.785414163241766161e+01 -5.184872127467876624e-02 1.458234203462743572e+00
2.850426320853434703e+01 -5.639797443246385988e-02 1.396239033031859478e+00
2.916955876018796090e+01 -6.044673964231583874e-02 1.336467051946499174e+00
2.985038245118729350e+01 -6.401021469685241883e-02 1.278887126244870664e+00
3.054709671159968210e+01 -6.712682376753820179e-02 1.223403451091880978e+00
3.126007243068703545e+01 -6.982057624947746177e-02 1.169979359474837333e+00
3.198968915434537763e+01 -7.212356857392854259e-02 1.118523353013578303e+00
3.273633528715244267e+01 -7.405315142892554547e-02 1.068998589555591794e+00
3.350040829913132967e+01 -7.564471376314052531e-02 1.021302700382209272e+00
3.428231493733970581e+01 -7.692828694677023016e-02 9.753775402809414796e-01
3.508247144239792448e+01 -7.793734861287260340e-02 9.311197849695943551e-01
3.590130377007068319e+01 -7.867862270430514560e-02 8.884958585106015327e-01
3.673924781802074335e+01 -7.916015137233167742e-02 8.474503140236288035e-01
3.759674965785467293e+01 -7.939179454340195008e-02 8.079641359099969389e-01
3.847426577258502078e+01 -7.940468258218036368e-02 7.699744656115696806e-01
3.937226329963479543e+01 -7.922107998633964865e-02 7.334419747376834664e-01
4.029122027951348173e+01 -7.885514574706375956e-02 6.983199609839811917e-01
4.123162591029752377e+01 -7.831517729784631676e-02 6.645797094855825371e-01
4.219398080805024165e+01 -7.761476211767592837e-02 6.321856598772961355e-01
4.317879727332021389e+01 -7.677361014536643324e-02 6.010941861091355642e-01
4.418659956385941712e+01 -7.581030239504960022e-02 5.712585190752182962e-01
4.521792417370701855e+01 -7.473803102327064574e-02 5.426201098303869985e-01
4.627332011878688434e+01 -7.355561075818695116e-02 5.151524746568921787e-01
4.735334922917115819e+01 -7.227474701239661181e-02 4.888029983646359766e-01
4.845858644816495797e+01 -7.091167632362005424e-02 4.635348743929345039e-01
4.958962013837211913e+01 -6.948509710595990319e-02 4.392751633630785912e-01
5.074705239490465658e+01 -6.799150180078761263e-02 4.160078292676629985e-01
5.193149936590211979e+01 -6.644051052993094064e-02 3.936822266933203696e-01
5.314359158053241572e+01 -6.483483467704442837e-02 3.722967222472283733e-01
5.438397428464796235e+01 -6.318729522444693769e-02 3.518066899039481443e-01
5.565330778427645697e+01 -6.150396200756552689e-02 3.322154242577520789e-01
5.695226779712825049e+01 -5.980255644299298234e-02 3.134669685357721058e-01
5.828154581230845821e+01 -5.807857241970568185e-02 2.955690145927918899e-01
5.964184945842459484e+01 -5.634204655110414128e-02 2.784711379838447076e-01
6.103390288028621313e+01 -5.459355568580057105e-02 2.621721221838068661e-01
6.245844712439618007e+01 -5.284360096609347357e-02 2.466064040514150957e-01
6.391624053343998924e+01 -5.108148207974450017e-02 2.317755830961456542e-01
6.540805914998252035e+01 -4.931819033404408192e-02 2.176234361151461461e-01
6.693469712958660978e+01 -4.755868892236531087e-02 2.041418108697991007e-01
6.849696716357446746e+01 -4.581519125168506679e-02 1.912748922651086037e-01
7.009570091165618066e+01 -4.409084278058000850e-02 1.790251255466314140e-01
7.173174944465613123e+01 -4.239653771442863928e-02 1.673434399470305201e-01
7.340598369757212538e+01 -4.072302118930122561e-02 1.562418628388243247e-01
7.511929493320968731e+01 -3.907298793360380884e-02 1.456822772238880181e-01
7.687259521663727924e+01 -3.744043736774872733e-02 1.356712292442132373e-01
7.866681790071581304e+01 -3.583412870438451581e-02 1.261651834027283647e-01
8.050291812295981231e+01 -3.425418901165981633e-02 1.171657072959228219e-01
8.238187331399601021e+01 -3.271419343651479905e-02 1.086333549135155563e-01
8.430468371788967374e+01 -3.121915284404822022e-02 1.005579270879679160e-01
8.627237292461450124e+01 -2.977019845933272235e-02 9.289342481650501859e-02
8.828598841495150396e+01 -2.836174423949205936e-02 8.562317748988348964e-02
9.034660211810525254e+01 -2.699656830642594568e-02 7.869605479927496705e-02
9.245531098233570333e+01 -2.567668132301404588e-02 7.210316346131886989e-02
9.461323755890769860e+01 -2.441657875166539787e-02 6.582119982757819732e-02
9.682153059967086506e+01 -2.322279265125504893e-02 5.986129331753980293e-02
9.908136566858665617e+01 -2.210141794364881701e-02 5.419483572403400312e-02
1.013939457675291749e+02 -2.104779631187986624e-02 4.878570871012041787e-02
1.037605019766911738e+02 -2.006135932888831325e-02 4.356330574494213931e-02
1.061822941099383542e+02 -1.913987796266794494e-02 3.851659127182279624e-02
1.086606113854596884e+02 -1.827553736763127060e-02 3.372052706703386471e-02
1.111967731120698915e+02 -1.743898478667332136e-02 2.939199122751070745e-02
1.137921293915315033e+02 -1.656883451494038650e-02 2.586440525915037481e-02
1.164480618372685541e+02 -1.555546707145310723e-02 2.370184577405731394e-02
1.191659843098558724e+02 -1.423375505599630032e-02 2.387834065650613208e-02
1.219473436696738275e+02 -1.238290102787609551e-02 2.796401603273492714e-02
1.247936205471311411e+02 -9.822578573789467540e-03 3.775379997368794038e-02
1.277063301308643446e+02 -6.610985017564260588e-03 5.412001299855190989e-02
1.306870229743346385e+02 -3.270550718517612268e-03 7.538110060166970661e-02
1.337372858212496283e+02 -7.912687997532752426e-04 9.653732860247490888e-02
1.368587424502517820e+02 -2.507821262926618333e-04 1.105429268525467967e-01
1.400530545393219768e+02 -2.172399592524337092e-03 1.115902885246273790e-01
1.433219225503573853e+02 -6.093198248344009610e-03 9.834352193164939970e-02
1.466670866343968669e+02 -1.072825672509334152e-02 7.474383112199858847e-02
1.500903275579734952e+02 -1.465345133408669370e-02 4.764633445933718486e-02
1.535934676510896963e+02 -1.696083993564970888e-02 2.325151506979167629e-02
1.571783717773162721e+02 -1.746528989073648300e-02 4.868859112975957269e-03
1.608469483265355109e+02 -1.649034936557913431e-02 -7.000401574793183382e-03
1.646011502308549836e+02 -1.457581116174716009e-02 -1.346107085072275299e-02
1.684429760042315252e+02 -1.226614192846844746e-02 -1.616063686907808980e-02
1.723744708063619839e+02 -9.972857739187183587e-03 -1.669813478756047853e-02
1.763977275314043425e+02 -7.902458019103643372e-03 -1.619839949866939965e-02
1.805148879221108302e+02 -6.112516145708819272e-03 -1.522683355861367653e-02
1.847281437099634047e+02 -4.604418462141855045e-03 -1.403455228428814212e-02
1.890397377819221560e+02 -3.368423497961611779e-03 -1.282298831868362507e-02
1.934519653744044376e+02 -2.388802835160976600e-03 -1.173256365733891908e-02
1.979671752951332735e+02 -1.648733702812265299e-03 -1.081683527260985864e-02
2.025877711735017215e+02 -1.097495718400589432e-03 -1.005547503079601453e-02
2.073162127401228929e+02 -6.635093913247595496e-04 -9.393219793893358566e-03
2.121550171362450214e+02 -3.225473696321897246e-04 -8.791154050746449386e-03
2.171067602537264918e+02 -8.074246599713581080e-05 -8.267434741567979486e-03
2.221740781062884764e+02 1.127210169335783260e-04 -7.765840923394465474e-03
2.273596682327715257e+02 2.978675552560818354e-04 -7.194793888255322269e-03
2.326662911331457906e+02 4.334451880022354917e-04 -6.618048506879598697e-03
2.380967717380358408e+02 5.039009814352280597e-04 -6.145936488384799029e-03
2.436540009125465929e+02 5.422383246937311115e-04 -5.752558977806123026e-03
2.493409369951878034e+02 5.504263791186367848e-04 -5.414150581694860201e-03
2.551606073727183741e+02 5.579033680398965203e-04 -5.070675935378315784e-03
2.611161100917459521e+02 5.998812090100510454e-04 -4.597192224148793221e-03
2.672106155079432597e+02 6.331243260355307045e-04 -4.070223077527051168e-03
2.734473679737579914e+02 6.323175221033369882e-04 -3.669565224306141869e-03
2.798296875655115628e+02 5.974801871409026605e-04 -3.468523411893127510e-03
2.863609718508116089e+02 5.245169868539037612e-04 -3.494544222683173586e-03
2.930446976972141329e+02 4.753864115015615094e-04 -3.553359497222504347e-03
2.998844231231027493e+02 4.629938732348304505e-04 -3.444253985753462349e-03
3.068837891917642082e+02 4.673360923805689598e-04 -3.201010414736419046e-03
3.140465219496752525e+02 4.984356931623504152e-04 -2.857685000969846598e-03
3.213764344100275707e+02 5.054602422634754504e-04 -2.548925716214244658e-03
3.288774285825510333e+02 4.956325961904400890e-04 -2.285863144683801355e-03
3.365534975507094373e+02 4.747712767842315190e-04 -2.001614599173923668e-03
3.444087275973819828e+02 4.169863545349272900e-04 -1.832582160140460706e-03
3.524473003801584241e+02 3.800214660401146204e-04 -1.696546035665087802e-03
3.606734951574027832e+02 3.719115101585542330e-04 -1.538669625486793107e-03
3.690916910662778605e+02 3.614867691045158069e-04 -1.388048020768532309e-03
3.777063694539364747e+02 3.190212695403126571e-04 -1.266132750471151910e-03
3.865221162631261791e+02 2.863207896130673781e-04 -1.163952960022245292e-03
3.955436244734701745e+02 2.664401843677531101e-04 -1.058521717695864745e-03
4.047756965997322141e+02 2.469497260215220867e-04 -9.754907184330341733e-04
4.142232472483893844e+02 2.412238236214786806e-04 -8.665004953512139060e-04
4.238913057338778572e+02 2.211117268451805781e-04 -8.112066687023774050e-04
4.337850187558988750e+02 2.019921832762869556e-04 -7.364712465233042016e-04
4.439096531392166298e+02 1.791598529132467808e-04 -6.863227502351095573e-04
4.542705986374043050e+02 1.684906725129674959e-04 -6.352432239124153725e-04
4.648733708020256472e+02 1.567401712723715500e-04 -5.860829866070460916e-04
4.757236139187889421e+02 1.488972080890594327e-04 -5.218690975303493570e-04
4.868271040122278919e+02 1.327224565609360241e-04 -4.815460379181824967e-04
4.981897519205160165e+02 1.244860509540897300e-04 -4.359822617360611702e-04
5.098176064420424609e+02 1.129138442980477295e-04 -4.162738283677280262e-04
5.217168575554348990e+02 1.096458145674833549e-04 -3.693746030720130137e-04
5.338938397147350088e+02 9.816176506045675657e-05 -3.483875959064919813e-04
5.463550352214875829e+02 9.397920392315630431e-05 -3.106036711257955155e-04
5.591070776755293537e+02 8.797260176931056067e-05 -2.885831103003092218e-04
5.721567555063245436e+02 8.393860587620479243e-05 -2.565292281702902483e-04
5.855110155867238291e+02 7.819924619413098736e-05 -2.288738367608552553e-04
5.991769669310618838e+02 6.761995930973011383e-05 -2.141954577431312730e-04
6.131618844795775658e+02 6.391728128468123458e-05 -2.022841983327123715e-04
6.274732129711574089e+02 5.819661829158635584e-05 -1.808075367045192117e-04
6.421185709064758385e+02 5.346634405136075794e-05 -1.594578651118129173e-04
6.571057546036270196e+02 4.388361677732250657e-05 -1.604930904537218473e-04
6.724427423484249857e+02 4.450150446220612482e-05 -1.440863503475831682e-04
6.881376986415663168e+02 4.367083852959393936e-05 -1.215250288505111858e-04
7.041989785449288775e+02 3.843650514502091481e-05 -1.115526710213037264e-04
7.206351321293052479e+02 3.607712433079870854e-05 -1.034073522625989677e-04
7.374549090259546347e+02 3.164545204702773936e-05 -9.156023353811848801e-05
7.546672630843886509e+02 3.055763925242376716e-05 -8.886914255123668979e-05
7.722813571388642231e+02 2.738071721350178987e-05 -9.132287138762371006e-05
7.903065678861347578e+02 2.667823836049841709e-05 -7.185547517265356661e-05
8.087524908770449201e+02 2.352656570511684289e-05 -7.449499397631589599e-05
8.276289456246344116e+02 2.387401437080208331e-05 -6.063711172121265323e-05
8.469459808314585416e+02 2.360832577391945255e-05 -4.425402958287189177e-05
8.667138797389233105e+02 1.907358281983857897e-05 -4.997552775979452022e-05
8.869431656014704686e+02 1.796285547016652926e-05 -4.148309914033029285e-05
9.076446072885356671e+02 1.470785597839393259e-05 -3.775803908227041961e-05
9.288292250172498825e+02 1.234522923937612991e-05 -3.780410269623123143e-05
9.505082962189502496e+02 1.383632713097719813e-05 -3.191427778694891327e-05
9.726933615426169126e+02 1.226545102127225568e-05 -3.357083970925635753e-05
9.953962309984233343e+02 1.170308281135410406e-05 -2.924412343113754042e-05
1.018628990244686520e+03 1.167701612004675812e-05 -2.496134956296483087e-05
1.042404007021555799e+03 1.117072610987351818e-05 -1.867660194073518043e-05
1.066733937734857136e+03 9.647529002771062904e-06 -1.912464698885992269e-05
1.091631734193614648e+03 8.869589203919215053e-06 -1.952885364274203780e-05
1.117110650504824207e+03 8.374260364880618885e-06 -1.698152553720647079e-05
1.143184250129150314e+03 7.454671065788222954e-06 -1.366555288495298983e-05
1.169866413101305625e+03 5.549520345791300277e-06 -1.189489157186124897e-05
1.197171343418965762e+03 5.579550453633164393e-06 -9.962151610762735914e-06
1.225113576604117725e+03 5.781912760718850800e-06 -1.174338085931781714e-05
1.253707987440919624e+03 5.099843616240465559e-06 -9.703509212626624275e-06
1.282969797894147632e+03 4.562810317387593606e-06 -8.882740808004777587e-06
1.312914585212465227e+03 4.423851427155624721e-06 -8.292181360970289931e-06
1.343558290220826166e+03 4.668844199817701058e-06 -4.300714292216309272e-06
1.374917225806420447e+03 4.586070974681345650e-06 -4.311715356707206397e-06
1.407008085602683650e+03 3.461358018835594591e-06 -6.417011630721234767e-06
1.439847952876006502e+03 3.610522301105607534e-06 -2.650988313034718575e-06
1.473454309619834248e+03 3.480623720639865460e-06 -1.132787005656044973e-06
1.507845045861050949e+03 2.519445130814683476e-06 -3.022608120688507656e-06
1.543038469183564530e+03 2.525343652376201365e-06 -2.752520399402916948e-06
1.579053314474175750e+03 2.617249530055744935e-06 -1.865323016998986223e-06
1.615908753895919062e+03 2.422534560842943153e-06 -8.713585748644335491e-07
1.653624407094178878e+03 2.523738517026550181e-06 -5.190427643925214621e-07
1.692220351641035450e+03 2.333252714352744710e-06 -4.249143234692516167e-07
1.731717133723352845e+03 1.935080027227308047e-06 -1.823754517298278453e-07
1.772135779080358361e+03 1.971134763593543159e-06 2.996693037048778914e-07
1.813497804196495281e+03 1.913056189602293946e-06 6.547647057491834255e-07
1.855825227755518881e+03 1.747032905783912261e-06 1.025532232552784708e-06
1.899140582361935458e+03 1.642860895585323588e-06 9.399736147422654532e-07
1.943466926536018264e+03 1.527756613692235200e-06 9.647289957615210446e-07
1.988827856988807753e+03 1.578222867813747124e-06 1.741837494426690995e-06
2.035247521183575600e+03 1.493282674574485486e-06 1.750116608550028131e-06
2.082750630190514130e+03 1.301976269363624237e-06 1.469634291669823980e-06
2.131362471841437582e+03 1.369682424665916099e-06 1.875138689392625291e-06
2.181108924191520146e+03 1.392275066213053528e-06 2.191324575645349727e-06
2.232016469295234401e+03 1.245243079977006392e-06 2.201982795000990396e-06
2.284112207303825471e+03 1.191546181537940529e-06 2.216702860987050553e-06
2.337423870891812385e+03 1.183101117519261136e-06 2.335735310363431672e-06
2.391979840020237134e+03 1.143916832411487161e-06 2.485848770762533867e-06
2.447809157044440326e+03 1.159404296930974533e-06 2.612178989527549557e-06
2.504941542174502501e+03 1.078450808084214760e-06 2.598509918070589145e-06
2.563407409296515198e+03 1.010330549424882792e-06 2.676792958228869162e-06
2.623237882163123686e+03 1.018444629135057143e-06 2.740267728242006713e-06
2.684464810961965213e+03 9.969416383771619519e-07 2.769432404657316972e-06
2.747120789270808928e+03 1.003037408387923019e-06 2.844293411926319836e-06
2.811239171408461061e+03 9.554819421776655119e-07 2.888476038074303916e-06
2.876854090190591251e+03 9.424136185632435859e-07 2.949716908446135039e-06
2.944000475100033782e+03 9.320440023920600905e-07 2.935117446064362262e-06
3.012714070881164389e+03 9.280094404891723166e-07 3.026789497860590863e-06
3.083031456568277008e+03 9.267922595622131869e-07 3.084436548417131620e-06
3.154990064958088624e+03 8.910604867071334411e-07 3.069151735843915572e-06
3.228628202536726803e+03 8.839842412100508670e-07 3.126288632724171545e-06
3.303985069871854648e+03 8.759876495356044951e-07 3.130017396916822635e-06
3.381100782480682028e+03 8.660573460224803820e-07 3.165387844735963381e-06
3.460016392185108998e+03 8.572957090459581341e-07 3.166027609992124547e-06
3.540773908965269584e+03 8.614616373789928171e-07 3.213605209298557276e-06
3.623416323323149754e+03 8.386890652775893704e-07 3.201437912669180859e-06
3.707987629168172589e+03 8.426956174896367964e-07 3.235318554625112788e-06
3.794532847236942416e+03 8.367480453802793333e-07 3.236338345928915529e-06
3.883098049059601180e+03 8.364458916762718192e-07 3.274656016437503393e-06
3.973730381485604084e+03 8.175968015312287351e-07 3.251640428686941638e-06
4.066478091781853891e+03 8.263801530222326475e-07 3.283660894399888725e-06
4.161390553316707155e+03 8.163643788500599106e-07 3.286070359137277275e-06
4.258518291843414772e+03 8.137672291518122003e-07 3.301331357313133874e-06
4.357913012397029888e+03 8.104912290951416637e-07 3.297207350203701410e-06
4.459627626819095894e+03 8.107612049489524135e-07 3.319789354224934777e-06
4.563716281924754185e+03 8.047383527101239372e-07 3.310632693383287512e-06
4.670234388327330635e+03 8.049614301595725126e-07 3.326674440081982078e-06
4.779238649935595276e+03 8.001414923501781666e-07 3.327048852624001809e-06
4.890787094139589499e+03 8.011883491706373641e-07 3.339827188664247188e-06
5.004939102700953299e+03 7.949599602628017457e-07 3.333894394685353159e-06
5.121755443364241728e+03 7.957386532928406654e-07 3.345176614771419845e-06
5.241298302206061635e+03 7.942175945810451545e-07 3.346529309821660470e-06
5.363631316739234535e+03 7.915867211473995882e-07 3.350790932948371012e-06
5.488819609789666174e+03 7.908125413088203557e-07 3.349082682272896556e-06
5.616929824163803460e+03 7.903595137870342931e-07 3.359547093962175456e-06
5.748030158125350681e+03 7.884921090185798950e-07 3.352191768357883765e-06
5.882190401699956055e+03 7.883591344739404857e-07 3.362273777253277291e-06
6.019481973827274487e+03 7.861453541768197853e-07 3.358902045895649933e-06
6.159977960380168952e+03 7.864301278502477740e-07 3.365788499115358184e-06
6.303753153071281304e+03 7.841634584257613748e-07 3.359989872895446510e-06
6.450884089267686250e+03 7.845482859997779686e-07 3.367805755755785462e-06
6.601449092734883379e+03 7.827725839499310526e-07 3.362980724825095417e-06
6.755528315331639533e+03 7.826038747169458429e-07 3.368028104117588576e-06
6.913203779678127830e+03 7.813777150737236259e-07 3.364194867160765189e-06
7.074559422819878819e+03 7.816287903054746998e-07 3.368793425742034758e-06
7.239681140910876820e+03 7.798659704302706618e-07 3.364209731863251673e-06
7.408656834939567489e+03 7.806316969520722134e-07 3.369926756944772700e-06
7.581576457522102828e+03 7.786000847310253637e-07 3.364415326131193796e-06
7.758532060787827504e+03 7.790977764025306640e-07 3.369423806209391250e-06
7.939617845382275846e+03 7.778709199930341784e-07 3.364296039067717585e-06
8.124930210614047610e+03 7.780439912798232856e-07 3.368231130703110458e-06
8.314567805772063366e+03 7.765471872738273970e-07 3.363413851977619394e-06
8.508631582640580746e+03 7.771033221539657318e-07 3.366767261172595068e-06
8.707224849239921241e+03 7.755802905904667804e-07 3.362062834231507691e-06
8.910453324821502974e+03 7.759647658957583537e-07 3.364838892274981203e-06
9.118425196146561575e+03 7.746339144906084237e-07 3.360281609464071065e-06
9.331251175078239612e+03 7.751324144993094599e-07 3.362895122577394736e-06
9.549044557518078364e+03 7.736609555086642793e-07 3.357877095034411659e-06
9.771921283717996630e+03 7.738571276047522253e-07 3.360065749250384186e-06
1.000000000000000000e+04 7.726532731550854208e-07 3.355405905754792564e-06
